JAN	FEB	MAR	APR	MAY	JUN	JUL	AUG	SEP	OCT	NOV	DEC
59.4	73.5	107.1	72.4	70.3	49.7	49.3	47.6	67.1	103	59	79.8
28.3	137.8	33.3	70.4	70	68.1	46.9	48.2	53.8	78	134.5	70.2
57.7	30.9	61.5	70.6	136.9	76.2	55.5	28.6	68.8	81.4	56.3	149.9
108	118.5	89.39999	66.3	36.7	65.1	21.2	22.6	53	39.7	49.60001	88.09999
55.2	49	82.6	62.6	55.4	60	64.5	40.7	51	43.2	122	28.89999
68	100.1	47.8	108.2	75.6	51.40001	22.2	3.799999	78	116.6	113.1	82.7
25.2	65.20001	27.5	108.8	95.3	14	31.1	45.1	83.5	178.1	68.8	94.3
83.9	39.8	81.4	66.2	81.9	104.8	7.100002	45.7	72.5	83.2	75.7	110.7
39.5	30.7	108.9	25.2	51.9	82.8	11.6	36.1	84.8	75.5	102.2	166.9
61.3	73.8	49.5	82.3	96.2	89	33.9	17.3	47	89.5	99.5	195.3
53.3	7.800003	85.5	25.3	85.1	113.7	39.4	33.9	53.9	166	150.2	79.2
87.2	96.10001	80	55.8	44.2	40.2	94.5	46.2	48.6	66.3	72.80001	16.3
93.8	66	46.5	81.8	100.2	41.9	12.8	38.9	95.2	122.6	108.1	57.9
38.2	76.3	92.39999	66.7	87.3	97.9	82.3	33	30.4	92.49999	71.80001	124.3
144.2	124.4	92.9	59.3	126.1	51.1	26	17.5	67.6	82.3	108.8	137.2
20.4	134	121.7	90.4	72.1	49.5	62.6	4.899998	59.2	36	114.7	191.5
123.2	103.8	125.6	72.7	77	72.6	24.3	45.5	39.4	99.1	35.8	85.6
76.4	20.2	105.5	136.3	77.2	58.4	15	24.9	135.2	131.7	91.90001	79.4
126.7	173.7	123.3	105.1	76	42.5	39	10.3	129.1	149.8	168.4	73.1
34.4	31	74.9	62.1	69	36.4	17.8	15.6	37.6	113.3	62.2	73
50.3	48	41.1	29.8	140	57.4	19.7	62.1	49.1	61.4	64.10001	74
146.1	58.60001	121.4	82.3	49.3	71.8	15.1	66.7	52.8	91.09999	45.3	73
49.9	85.9	64.7	83.6	50	10.3	54.9	35.6	63.4	101.2	209.8	65.7
57.8	91.4	99	54.9	54.2	26.2	16.9	13.1	78.5	73.5	106.2	80.9
48.6	101.6	49.7	93	80.4	89.3	43.6	57.1	35.7	95	95.00001	136.5
58.7	109.6	108.9	80.6	60.1	41.6	7.800003	26.5	22.5	125.2	156.2	56.3
104.8	52.7	120.7	45.1	78.3	41.2	60.60001	71	78.3	86.5	145.3	181.6
87.8	42.6	99.70001	118	114	48.2	11.5	75.1	40.8	79.9	60.8	98.4
45.10001	103.7	44.5	51	71.8	73.9	53.3	19.1	70.4	127.2	130.3	104.6
74.3	95.3	68.4	124	51.7	59	109.6	19.3	31.4	97.6	58.60001	121.2
80.7	79.6	96.5	47	92.09999	58.6	44.3	74.6	36.7	101.2	113	29.3
44.8	21.8	75.3	72.6	104.2	100.5	106.2	49.1	74.2	90.3	110.7	133.8
65.8	50.1	105	39.5	65	84.1	44	29.1	87.9	135.3	117.9	129.3
33.9	44.9	93.5	140.7	57.10001	44.3	31.1	88.99999	22.9	42.59999	120.5	164.3
45.7	53.1	36.8	78.1	155.7	55.9	44.7	86.3	14.9	84.5	119.3	184.7
182.7	201.7	138	142.9	180.4	64.4	48.6	11.1	27.6	90.2	85.4	54.7
135.1	71.3	168.6	76.4	47.2	109.5	37.7	3.399998	53.9	148.5	127.7	173.5
43.7	27.7	27.8	30.9	69	20.8	20	20.1	112.4	101	78	176.5
139.1	52.5	56.5	87	50.4	89.3	39.10001	47.8	106.4	157.7	57.3	125.2
116.3	135.2	87.99999	72.2	119.2	77.9	42.7	32.3	73.1	143.1	106.3	68.1
182	131.5	106.8	101.9	179.4	74.1	71	76.7	57.7	11.39999	124.4	30.4
104.7	57.10001	114.8	122.3	50.4	64.2	28	86	89.5	71.59999	40.5	90.39999
127.1	47.7	46	65.7	53	19.6	64.3	30.4	141.2	106.6	76.2	109.8
5	63.3	30	71.3	50.7	34.9	53.5	90.8	75	122.6	85.30001	81.2
143.1	4.400002	28.5	50.4	59.4	33.7	47.2	85.8	11.4	55.4	82.20001	140.8
41.7	42.8	100.1	157.6	196.9	41.1	7.700005	51.2	45.2	41.7	68	134.9
62.8	202.4	141.3	27.4	91.09999	61	17.2	46.5	103.3	79.4	58.5	89.9
197.3	37	34.3	90.9	105.7	19	18.2	68.9	26.8	81.4	32.50001	87.8
46.4	19.5	101.7	44.1	84.6	41.2	32.4	27.6	132.7	62.9	131	99.6
24.2	82.5	49.6	64.2	91.39999	72.3	30.5	36.1	37.9	85.2	74.2	138.5
139.9	131.4	102.1	64.9	92.39999	79.3	42.90001	57.9	49.9	101.1	115.6	69.7
110	48	109.1	79.1	59.2	64	103.7	50.3	84.8	104.6	108.4	121.3
55.8	67	17.3	80.3	35	126.8	14	17.3	93.09999	158.7	29.7	61.4
102.1	86.8	90.39999	37.5	86.7	59.7	21.8	89.3	56.3	49.1	113	42.9
157.2	155	80	51.7	52.3	79.2	70.6	31.4	57.1	137.1	104.2	171.5
118.8	85.4	149.8	119.1	86.1	29	36.3	66.2	60.4	71.89999	78.5	42.9
40.3	62.1	51.3	73.6	71.1	107	16	14.9	59.6	40.5	63.9	97.3
113.8	54	150.1	56	88.9	73.6	23.3	60.5	37.8	93.09999	46	174.5
85.5	12.8	104.3	75.8	85.2	79.1	55.5	92.9	141.9	119.2	147.1	219.5
108.2	117.5	126.3	22.3	84.5	41	39.2	44.9	103.5	237.9	120.2	220
90.4	20.6	21.3	96.2	98.8	67.3	96.70001	13.7	98.59999	141	184.9	137.9
148.8	68.2	164.6	85	51.6	24.2	16.5	5.599998	53.8	76.89999	94.8	78.1
133.9	122.5	98.3	77.3	33.2	84.1	37.4	56.7	99.2	50.5	188.4	103.2
16.4	131.6	133.6	104.2	60.5	49.7	25.8	29.1	62	83.6	53.2	70
107.8	66.3	131.5	54	43.5	25.8	19	41.9	132.1	96.3	142.4	117.7
138.6	199.2	30.3	111.6	60.3	90.09999	21.2	16.1	28	213.1	180.9	43.5
61.1	49.7	71.9	55.4	98.6	33.10001	24.1	58.6	50.5	61.1	179.2	97.4
49.3	134.5	67.4	123.5	98.8	21	7.300003	61.2	78.8	65.7	87.4	143.2
91.30001	92.9	168.7	76.5	103	75.1	22.5	30.5	159.9	31.7	82	110.9
210.9	60.10001	56	56.2	74.5	46.3	25.4	65.3	25.5	52	87.4	55.9
140.1	35.8	79.3	161.8	169.4	104.6	122.8	46.3	30.8	52.3	104.5	49.4
138.6	167.4	77.2	62.9	119.4	66.9	40.3	72.7	84.4	110.8	64.2	88.8
98.70001	99	42.3	47.7	145.4	60.5	62	47.4	73	90.09999	55.7	80.9
114.5	95.9	109.5	87.99999	67.6	78.5	50.1	28	39.9	122.9	101.3	30.7
71.6	56	125.4	91.7	94.3	51.2	5.300003	55.5	113.6	60.8	129.9	92.7
43	56	46.3	102.4	33.1	34.6	109.1	109.6	97.70001	113.9	78.5	120.7
144.6	91.9	48.7	62.8	117.5	146.8	92.9	94.8	15.6	99.8	68.10001	178
177.3	158.2	72.6	110.2	112.2	85.1	17.2	32.5	18.3	44.8	62	206.8
171.2	177.5	153.7	83.9	62.1	39.3	79.70001	25.2	37.9	189.7	97.00001	107.8
73.1	59.2	84.7	134	124.8	43.1	33.8	43.4	18.1	113.6	114.2	67.2
45.7	52.8	68.7	87.3	57	29.2	55.3	60.3	64.5	91.6	4.900002	192.5
62.3	69.4	39.4	20.7	73.6	41.6	37.3	30.1	113.7	112.3	108.8	120.1
14.7	91.00001	43.3	144.8	65.7	38.7	88.7	165.5	13.1	24.3	103.8	90.09999
102.6	75.3	86.7	50.9	158.8	76.6	14.5	45.7	56.4	129.9	203.4	63.7
109.3	100.4	73.7	102.5	123.4	40.5	35.6	11.6	3.200001	17.3	141.6	106.8
110.2	140.9	54.5	76	33	20.9	6	22.7	146.9	86.5	58.40001	73.8
99.9	106.5	48.6	75.7	16.1	67.9	59.9	29.6	107.1	151.9	83.20001	80.7
136	64.70001	39.1	163.8	93.6	112.5	81.20001	22	28.2	64.3	32	32.8
26.7	92.8	48.1	163.6	92	26.5	40.9	40.5	31.4	37.7	159.8	181.4
71.3	24	24.6	119.5	68.3	58.2	31.3	50.9	37.7	113.5	128.2	77.4
69.5	72.9	116.1	74.3	62.8	21.4	23.9	7.199997	70.1	83.1	86.7	16.3
41	12.6	59.3	62.1	60.1	132	24.1	109	45.1	222.7	33.60001	108.6
10.2	32	74.7	104.2	121	69	46.9	91.9	93.3	156.4	58.90001	78.2
108.5	63.7	22.6	66.5	130.6	31.5	24.5	32.6	88.2	96.3	87.4	100.2
91.6	92.6	45	40.8	73.1	46.3	44.8	21.3	59.6	43.1	141.2	192
165.8	80	96.5	65.2	113	34.7	47.5	80.5	67.6	44.3	124.5	202.9
141.4	12.8	4	39.2	144.8	84	93.39999	125.4	44	92.49999	226.8	165.9
51.6	34.6	37.4	146.7	94.5	45.5	28.4	36.5	99.3	62.9	53.90001	65.5
88.4	45.3	87.4	77.9	94	27.1	59.10001	69.4	140.5	149.9	70.60001	93.09999
27.6	17.4	50	178.4	95.7	21	62.2	36.3	64.3	121.4	214.2	187.7
200	70.7	170.9	39.9	62	19.7	91.8	55	44.6	102.4	42.8	23.3
70.8	54.3	56.7	62.8	100	64.3	37.1	75.1	92.5	111.7	127	169.1