LIL_PS
-23.01
-22.99
-22.72
-21.62
-22.8
-22.3
-23.53
-22.78
-22.8
-23.26
-22.27
-23.63
-22.72
-22.91
-22.84
-23.17
-22.66
-21.9
-23.19
-22.61
-22.36
-22.94
-22.4
-22.45
-23.44
-22.26
-23.11
-22.26
-22.38
-23.31
-23.75
-23.51
-22.4
-22.49
-22.36
-23.42
-22.33
-22.44
-23.16
-23.12
-22.88
-22.82
-22.85
-23.15
-22.92
-22.45
-22.51
-22.64
-22.62
-22.97
-23.51
-23.61
-23.27
-22.95
-23.01
-23.27
-23.21
-24.01
-23.14
-23.44
-22.92
-22.37
-23.16
-22.14
-22.34
-23.74
-22.32
-22.65
-22.78
-22.66
-24.34
-23.21
-23.08
-22.88
-23.21
-22.66
-24.04
-22.88
-22.55
-23.51
-22.92
-22.9
-23.35
-22.77
-23.38
-22.68
-22.94
-23.45
-22.69
-23.47
-22.46
-23.01
-23.23
-22.77
-23.35
-23.27
-24.18
-23.22
-22.96
-23.29
-23.06
-23.72